7.620478958580307119e-03
2.260119679079078230e-03
-7.330761949990821126e-03
-2.758789231739804636e-03
-1.941373755126474731e-03
-3.612525220622851002e-02
2.269903455645707994e-03
3.693768282470719609e-03
4.509349522824767156e-03
-5.679408566569664821e-03
8.628082911687377093e-03
-4.538048824222473514e-03
7.004123538435156823e-03
1.361019455592278951e-02
-1.838642459028204390e-02
1.599262960136812323e-02
2.085603844443949598e-02
1.073610049018198197e-02
-2.132996940923672161e-02
-2.849431047737648742e-02
2.721574847269482567e-02
-1.078879180031963418e-02
1.334004282641258754e-02
1.499701898813285937e-03
-1.059395056075885556e-03
-1.293052180638966202e-02
2.599642430049956682e-02
-1.059587109333886765e-02
